PointCount=20
CountOfFaces=12
X1=.525731
Y1=.381966
Z1=.850651
X2=-.200811
Y2=.618034
Z2=.850651
X3=-.649839
Y3=0
Z3=.850651
X4=-.200811
Y4=-.618034
Z4=.850651
X5=.525731
Y5=-.381966
Z5=.850651
X6=.850651
Y6=.618034
Z6=.200811
X7=-.32492
Y7=1
Z7=.200811
X8=-1.05146
Y8=0
Z8=.200811
X9=-.32492
Y9=-1
Z9=.200811
X10=.850651
Y10=-.618034
Z10=.200811
X11=.32492
Y11=1
Z11=-.200811
X12=-.850651
Y12=.618034
Z12=-.200811
X13=-.850651
Y13=-.618034
Z13=-.200811
X14=.32492
Y14=-1
Z14=-.200811
X15=1.05146
Y15=0
Z15=-.200811
X16=.200811
Y16=.618034
Z16=-.850651
X17=-.525731
Y17=.381966
Z17=-.850651
X18=-.525731
Y18=-.381966
Z18=-.850651
X19=.200811
Y19=-.618034
Z19=-.850651
X20=.649839
Y20=0
Z20=-.850651

Face1=1,2,3,4,5
Face2=1,5,10,15,6
Face3=1,6,11,7,2
Face4=2,7,12,8,3
Face5=3,8,13,9,4
Face6=9,14,10,5,4
Face7=6,15,20,16,11
Face8=7,11,16,17,12
Face9=8,12,17,18,13
Face10=9,13,18,19,14
Face11=10,14,19,20,15
Face12=16,20,19,18,17
