PointCount=60
CountOfFaces=62
X1=.606961
Y1=.25
Z1=.688191
X2=.4253255
Y2=.5
Z2=.688191
X3=.3440955
Y3=.25
Z3=.850651
X4=-.0502025
Y4=.6545085
Z4=.688191
X5=-.344095
Y5=.559017
Z5=.688191
X6=-.1314325
Y6=.4045085
Z6=.850651
X7=-.6379875
Y7=.1545095
Z7=.688191
X8=-.6379875
Y8=-.1545065
Z8=.688191
X9=-.425325
Y9=1.000000000001E-06
Z9=.850651
X10=-.344095
Y10=-.559015
Z10=.688191
X11=-.0502025
Y11=-.6545075
Z11=.688191
X12=-.1314325
Y12=-.4045075
Z12=.850651
X13=.606961
Y13=-.25
Z13=.688191
X14=.3440955
Y14=-.25
Z14=.850651
X15=.4253255
Y15=-.5
Z15=.688191
X16=.63798825
Y16=.6545085
Z16=.26286575
X17=.81962375
Y17=.4045085
Z17=.26286575
X18=.769421
Y18=.559017
Z18=4.99999999958867E-07
X19=-.425325
Y19=.809017
Z19=.26286575
X20=-.1314325
Y20=.9045085
Z20=.26286575
X21=-.2938925
Y21=.9045085
Z21=4.99999999958867E-07
X22=-.9008525
Y22=-.1545065
Z22=.26286575
X23=-.9008525
Y23=.1545095
Z23=.26286575
X24=-.951055
Y24=1.000000000001E-06
Z24=4.99999999958867E-07
X25=-.1314325
Y25=-.9045075
Z25=.26286575
X26=-.425325
Y26=-.809015
Z26=.26286575
X27=-.2938925
Y27=-.9045075
Z27=4.99999999958867E-07
X28=.63798825
Y28=-.6545075
Z28=.26286575
X29=.769421
Y29=-.559015
Z29=4.99999999958867E-07
X30=.81962375
Y30=-.4045075
Z30=.26286575
X31=.90085375
Y31=-.1545065
Z31=-.26286475
X32=.90085375
Y32=.1545095
Z32=-.26286475
X33=.9510565
Y33=1.000000000001E-06
Z33=4.99999999958867E-07
X34=.4253255
Y34=.809017
Z34=-.26286475
X35=.13143275
Y35=.9045085
Z35=-.26286475
X36=.29389275
Y36=.9045085
Z36=4.99999999958867E-07
X37=-.6379875
Y37=.6545085
Z37=-.26286475
X38=-.8196225
Y38=.4045085
Z38=-.26286475
X39=-.76942
Y39=.559017
Z39=4.99999999958867E-07
X40=-.8196225
Y40=-.4045075
Z40=-.26286475
X41=-.6379875
Y41=-.6545075
Z41=-.26286475
X42=-.76942
Y42=-.559015
Z42=4.99999999958867E-07
X43=.13143275
Y43=-.9045075
Z43=-.26286475
X44=.4253255
Y44=-.809015
Z44=-.26286475
X45=.29389275
Y45=-.9045075
Z45=4.99999999958867E-07
X46=.05020275
Y46=.6545085
Z46=-.68819
X47=.3440955
Y47=.559017
Z47=-.68819
X48=.13143275
Y48=.4045085
Z48=-.85065
X49=-.60696
Y49=.25
Z49=-.68819
X50=-.425325
Y50=.5
Z50=-.68819
X51=-.344095
Y51=.25
Z51=-.85065
X52=-.425325
Y52=-.5
Z52=-.68819
X53=-.60696
Y53=-.25
Z53=-.68819
X54=-.344095
Y54=-.25
Z54=-.85065
X55=.3440955
Y55=-.559015
Z55=-.68819
X56=.05020275
Y56=-.6545075
Z56=-.68819
X57=.13143275
Y57=-.4045075
Z57=-.85065
X58=.63798825
Y58=-.1545065
Z58=-.68819
X59=.4253255
Y59=1.000000000001E-06
Z59=-.85065
X60=.63798825
Y60=.1545095
Z60=-.68819

Face1=1,2,3
Face2=4,5,6
Face3=7,8,9
Face4=10,11,12
Face5=13,14,15
Face6=16,17,18
Face7=19,20,21
Face8=22,23,24
Face9=25,26,27
Face10=28,29,30
Face11=31,32,33
Face12=34,35,36
Face13=37,38,39
Face14=40,41,42
Face15=43,44,45
Face16=46,47,48
Face17=49,50,51
Face18=52,53,54
Face19=55,56,57
Face20=58,59,60
Face21=6,9,12,14,3
Face22=13,30,33,17,1
Face23=16,36,20,4,2
Face24=19,39,23,7,5
Face25=22,42,26,10,8
Face26=25,45,28,15,11
Face27=32,60,47,34,18
Face28=35,46,50,37,21
Face29=38,49,53,40,24
Face30=41,52,56,43,27
Face31=44,55,58,31,29
Face32=59,57,54,51,48
Face33=3,14,13,1
Face34=1,17,16,2
Face35=2,4,6,3
Face36=4,20,19,5
Face37=5,7,9,6
Face38=7,23,22,8
Face39=8,10,12,9
Face40=10,26,25,11
Face41=11,15,14,12
Face42=15,28,30,13
Face43=18,34,36,16
Face44=17,33,32,18
Face45=21,37,39,19
Face46=20,36,35,21
Face47=24,40,42,22
Face48=23,39,38,24
Face49=27,43,45,25
Face50=26,42,41,27
Face51=28,45,44,29
Face52=29,31,33,30
Face53=31,58,60,32
Face54=34,47,46,35
Face55=37,50,49,38
Face56=40,53,52,41
Face57=43,56,55,44
Face58=48,51,50,46
Face59=47,60,59,48
Face60=51,54,53,49
Face61=54,57,56,52
Face62=57,59,58,55
