PointCount=30
CountOfFaces=32
X1=.525731
Y1=0
Z1=.850651
X2=.688191
Y2=.5
Z2=.525731
X3=.16246
Y3=.5
Z3=.850651
X4=-.262865
Y4=.809017
Z4=.525731
X5=-.425325
Y5=.309017
Z5=.850651
X6=-.85065
Y6=2.000000000002E-06
Z6=.525731
X7=-.425325
Y7=-.309015
Z7=.850651
X8=-.262865
Y8=-.809015
Z8=.525731
X9=.16246
Y9=-.5
Z9=.850651
X10=.688191
Y10=-.5
Z10=.525731
X11=.5877855
Y11=.809017
Z11=4.99999999958867E-07
X12=.9510565
Y12=.309017
Z12=4.99999999958867E-07
X13=-.587785
Y13=.809017
Z13=4.99999999958867E-07
X14=0
Y14=1
Z14=4.99999999958867E-07
X15=-.951055
Y15=-.309015
Z15=4.99999999958867E-07
X16=-.951055
Y16=.309017
Z16=4.99999999958867E-07
X17=0
Y17=-1
Z17=4.99999999958867E-07
X18=-.587785
Y18=-.809015
Z18=4.99999999958867E-07
X19=.5877855
Y19=-.809015
Z19=4.99999999958867E-07
X20=.9510565
Y20=-.309015
Z20=4.99999999958867E-07
X21=.850651
Y21=2.000000000002E-06
Z21=-.52573
X22=.2628655
Y22=.809017
Z22=-.52573
X23=-.68819
Y23=.5
Z23=-.52573
X24=-.68819
Y24=-.5
Z24=-.52573
X25=.2628655
Y25=-.809015
Z25=-.52573
X26=-.16246
Y26=.5
Z26=-.85065
X27=.4253255
Y27=.309017
Z27=-.85065
X28=-.52573
Y28=0
Z28=-.85065
X29=-.16246
Y29=-.5
Z29=-.85065
X30=.4253255
Y30=-.309015
Z30=-.85065

Face1=1,2,3
Face2=3,4,5
Face3=5,6,7
Face4=7,8,9
Face5=10,1,9
Face6=11,2,12
Face7=13,4,14
Face8=15,6,16
Face9=17,8,18
Face10=10,19,20
Face11=20,21,12
Face12=11,22,14
Face13=13,23,16
Face14=15,24,18
Face15=17,25,19
Face16=26,22,27
Face17=28,23,26
Face18=29,24,28
Face19=30,25,29
Face20=21,30,27
Face21=3,5,7,9,1
Face22=1,10,20,12,2
Face23=2,11,14,4,3
Face24=4,13,16,6,5
Face25=6,15,18,8,7
Face26=8,17,19,10,9
Face27=12,21,27,22,11
Face28=14,22,26,23,13
Face29=16,23,28,24,15
Face30=18,24,29,25,17
Face31=19,25,30,21,20
Face32=27,30,29,28,26
