PointCount=12
CountOfFaces=20
X1=0
Y1=0
Z1=1.175571
X2=1.051462
Y2=0
Z2=.525731
X3=.32492
Y3=1
Z3=.525731
X4=-.85065
Y4=.618034
Z4=.525731
X5=-.85065
Y5=-.61803
Z5=.525731
X6=.32492
Y6=-1
Z6=.525731
X7=.850651
Y7=.618034
Z7=-.52573
X8=-.32492
Y8=1
Z8=-.52573
X9=-1.05146
Y9=0
Z9=-.52573
X10=-.32492
Y10=-1
Z10=-.52573
X11=.850651
Y11=-.61803
Z11=-.52573
X12=0
Y12=0
Z12=-1.17557

Face1=1,2,3
Face2=1,3,4
Face3=1,4,5
Face4=1,5,6
Face5=6,2,1
Face6=7,3,2
Face7=8,4,3
Face8=9,5,4
Face9=10,6,5
Face10=2,6,11
Face11=2,11,7
Face12=3,7,8
Face13=4,8,9
Face14=5,9,10
Face15=6,10,11
Face16=12,8,7
Face17=12,9,8
Face18=12,10,9
Face19=12,11,10
Face20=7,11,12
