PointCount=32
CountOfFaces=60
X1=0
Y1=0
Z1=1.175571
X2=1.051462
Y2=0
Z2=.525731
X3=.32492
Y3=1
Z3=.525731
X4=-.85065
Y4=.618034
Z4=.525731
X5=-.85065
Y5=-.61803
Z5=.525731
X6=.32492
Y6=-1
Z6=.525731
X7=.850651
Y7=.618034
Z7=-.52573
X8=-.32492
Y8=1
Z8=-.52573
X9=-1.05146
Y9=0
Z9=-.52573
X10=-.32492
Y10=-1
Z10=-.52573
X11=.850651
Y11=-.61803
Z11=-.52573
X12=0
Y12=0
Z12=-1.17557
X13=.337490533333333
Y13=.2452012700544
Z13=.546071426666667
X14=-.128909533384533
Y14=.396743950357333
Z14=.5460714999744
X15=-.417161151778133
Y15=1.33333333341449E-06
Z15=.546072202901333
X16=-.128909048170667
Y16=-.396742617024
Z16=.546071742581333
X17=.337490533333333
Y17=-.2452012700544
Z17=.546071426666666
X18=.546071613333333
Y18=.396744292132427
Z18=.128910223760107
X19=-.20858049423248
Y19=.6419456785496
Z19=.1289102000512
X20=-.674981023292587
Y20=1.3333333332475E-06
Z20=.128910717789867
X21=-.2085797091416
Y21=-.641944345216267
Z21=.128909714837333
X22=.546071613333333
Y22=-.396742958799093
Z22=.1289107662448
X23=.67498235662592
Y23=1.33333333331288E-06
Z23=-.12890948705792
X24=.208580827565813
Y24=.64194548227688
Z24=-.1289092000512
X25=-.546070613333333
Y25=.396744684677867
Z25=-.128909267826133
X26=-.546070613333333
Y26=-.396743351344533
Z26=-.128909810309333
X27=.208580042474933
Y27=-.641944148943547
Z27=-.128908714837333
X28=.128909866717867
Y28=.396743829053867
Z28=-.546070313307733
X29=-.337489866666667
Y29=.245201512661333
Z29=-.5460708
X30=-.337489866666667
Y30=-.245201512661333
Z30=-.5460708
X31=.128909381504
Y31=-.396742495720533
Z31=-.546070555914667
X32=.4171618184448
Y32=1.33333333333467E-06
Z32=-.546070972169387

Face1=1,2,13
Face2=2,3,13
Face3=3,1,13
Face4=1,3,14
Face5=3,4,14
Face6=4,1,14
Face7=1,4,15
Face8=4,5,15
Face9=5,1,15
Face10=1,5,16
Face11=5,6,16
Face12=6,1,16
Face13=6,2,17
Face14=2,1,17
Face15=1,6,17
Face16=7,3,18
Face17=3,2,18
Face18=2,7,18
Face19=8,4,19
Face20=4,3,19
Face21=3,8,19
Face22=9,5,20
Face23=5,4,20
Face24=4,9,20
Face25=10,6,21
Face26=6,5,21
Face27=5,10,21
Face28=2,6,22
Face29=6,11,22
Face30=11,2,22
Face31=2,11,23
Face32=11,7,23
Face33=7,2,23
Face34=3,7,24
Face35=7,8,24
Face36=8,3,24
Face37=4,8,25
Face38=8,9,25
Face39=9,4,25
Face40=5,9,26
Face41=9,10,26
Face42=10,5,26
Face43=6,10,27
Face44=10,11,27
Face45=11,6,27
Face46=12,8,28
Face47=8,7,28
Face48=7,12,28
Face49=12,9,29
Face50=9,8,29
Face51=8,12,29
Face52=12,10,30
Face53=10,9,30
Face54=9,12,30
Face55=12,11,31
Face56=11,10,31
Face57=10,12,31
Face58=7,11,32
Face59=11,12,32
Face60=12,7,32
