PointCount=6
CountOfFaces=8
X1=0
Y1=0
Z1=1.414214
X2=1.414214
Y2=0
Z2=0
X3=0
Y3=1.414214
Z3=0
X4=-1.41421
Y4=0
Z4=0
X5=0
Y5=-1.41421
Z5=0
X6=0
Y6=0
Z6=-1.41421

Face1=1,2,3
Face2=1,3,4
Face3=1,4,5
Face4=5,2,1
Face5=3,2,6
Face6=4,3,6
Face7=5,4,6
Face8=6,2,5
