PointCount=32
CountOfFaces=60
X1=0
Y1=0
Z1=1.175571
X2=1.051462
Y2=0
Z2=.525731
X3=.32492
Y3=1
Z3=.525731
X4=-.85065
Y4=.618034
Z4=.525731
X5=-.85065
Y5=-.61803
Z5=.525731
X6=.32492
Y6=-1
Z6=.525731
X7=.850651
Y7=.618034
Z7=-.52573
X8=-.32492
Y8=1
Z8=-.52573
X9=-1.05146
Y9=0
Z9=-.52573
X10=-.32492
Y10=-1
Z10=-.52573
X11=.850651
Y11=-.61803
Z11=-.52573
X12=0
Y12=0
Z12=-1.17557
X13=.723062266666667
Y13=.525335328333867
Z13=1.16993888
X14=-.276184826078934
Y14=.850010512912
Z14=1.16993872029387
X15=-.893752490769067
Y15=1.33333333316077E-06
Z15=1.16993718891733
X16=-.276185883152
Y16=-.850009179578667
Z16=1.16993819175733
X17=.723062266666667
Y17=-.525335328333867
Z17=1.16993888
X18=1.16993847333333
Y18=.850009768330547
Z18=.276185441094053
X19=-.44687642327924
Y19=1.3753448431598
Z19=.2761854927456
X20=-1.44612038973163
Y20=1.33333333352456E-06
Z20=.276184364814933
X21=-.4468781336558
Y21=-1.37534350982647
Z21=.276186549818667
X22=1.16993847333333
Y22=-.850008434997213
Z22=.2761842592524
X23=1.44612172306496
Y23=1.33333333338214E-06
Z23=-.27618386748096
X24=.446876756612573
Y24=1.37534527075394
Z24=-.2761844927456
X25=-1.16993747333333
Y25=.850008913142267
Z25=-.276184345093067
X26=-1.16993747333333
Y26=-.850007579808933
Z26=-.276183163254667
X27=.446878466989133
Y27=-1.37534393742061
Z27=-.276185549818667
X28=.276185159412267
Y28=.850010777180267
Z28=-1.16993812696053
X29=-.7230616
Y29=.525334799797333
Z29=-1.16993706666667
X30=-.7230616
Y30=-.525334799797333
Z30=-1.16993706666667
X31=.276186216485333
Y31=-.850009443846933
Z31=-1.169937598424
X32=.893753157435733
Y32=1.33333333333467E-06
Z32=-1.16993669158336

Face1=1,2,13
Face2=2,3,13
Face3=3,1,13
Face4=1,3,14
Face5=3,4,14
Face6=4,1,14
Face7=1,4,15
Face8=4,5,15
Face9=5,1,15
Face10=1,5,16
Face11=5,6,16
Face12=6,1,16
Face13=6,2,17
Face14=2,1,17
Face15=1,6,17
Face16=7,3,18
Face17=3,2,18
Face18=2,7,18
Face19=8,4,19
Face20=4,3,19
Face21=3,8,19
Face22=9,5,20
Face23=5,4,20
Face24=4,9,20
Face25=10,6,21
Face26=6,5,21
Face27=5,10,21
Face28=2,6,22
Face29=6,11,22
Face30=11,2,22
Face31=2,11,23
Face32=11,7,23
Face33=7,2,23
Face34=3,7,24
Face35=7,8,24
Face36=8,3,24
Face37=4,8,25
Face38=8,9,25
Face39=9,4,25
Face40=5,9,26
Face41=9,10,26
Face42=10,5,26
Face43=6,10,27
Face44=10,11,27
Face45=11,6,27
Face46=12,8,28
Face47=8,7,28
Face48=7,12,28
Face49=12,9,29
Face50=9,8,29
Face51=8,12,29
Face52=12,10,30
Face53=10,9,30
Face54=9,12,30
Face55=12,11,31
Face56=11,10,31
Face57=10,12,31
Face58=7,11,32
Face59=11,12,32
Face60=12,7,32
