PointCount=14
CountOfFaces=24
X1=0
Y1=0
Z1=1.414214
X2=1.414214
Y2=0
Z2=0
X3=0
Y3=1.414214
Z3=0
X4=-1.41421
Y4=0
Z4=0
X5=0
Y5=-1.41421
Z5=0
X6=0
Y6=0
Z6=-1.41421
X7=3.138072983728
Y7=3.138072983728
Z7=3.138072983728
X8=-3.13807165039467
Y8=3.13806544125333
Z8=3.13806544125333
X9=-3.13806410792
Y9=-3.13806410792
Z9=3.1380578988
X10=3.13806544125333
Y10=-3.13807165039467
Z10=3.13806544125333
X11=3.13806544125333
Y11=3.13806544125333
Z11=-3.13807165039467
X12=-3.13806410792
Y12=3.1380578988
Z12=-3.13806410792
X13=-3.13805656546667
Y13=-3.13805656546667
Z13=-3.13805656546667
X14=3.1380578988
Y14=-3.13806410792
Z14=-3.13806410792

Face1=1,2,7
Face2=2,3,7
Face3=3,1,7
Face4=1,3,8
Face5=3,4,8
Face6=4,1,8
Face7=1,4,9
Face8=4,5,9
Face9=5,1,9
Face10=5,2,10
Face11=2,1,10
Face12=1,5,10
Face13=3,2,11
Face14=2,6,11
Face15=6,3,11
Face16=4,3,12
Face17=3,6,12
Face18=6,4,12
Face19=5,4,13
Face20=4,6,13
Face21=6,5,13
Face22=6,2,14
Face23=2,5,14
Face24=5,6,14
