PointCount=32
CountOfFaces=60
X1=.525731
Y1=.381966
Z1=.850651
X2=-.200811
Y2=.618034
Z2=.850651
X3=-.649839
Y3=0
Z3=.850651
X4=-.200811
Y4=-.618034
Z4=.850651
X5=.525731
Y5=-.381966
Z5=.850651
X6=.850651
Y6=.618034
Z6=.200811
X7=-.32492
Y7=1
Z7=.200811
X8=-1.05146
Y8=0
Z8=.200811
X9=-.32492
Y9=-1
Z9=.200811
X10=.850651
Y10=-.618034
Z10=.200811
X11=.32492
Y11=1
Z11=-.200811
X12=-.850651
Y12=.618034
Z12=-.200811
X13=-.850651
Y13=-.618034
Z13=-.200811
X14=.32492
Y14=-1
Z14=-.200811
X15=1.05146
Y15=0
Z15=-.200811
X16=.200811
Y16=.618034
Z16=-.850651
X17=-.525731
Y17=.381966
Z17=-.850651
X18=-.525731
Y18=-.381966
Z18=-.850651
X19=.200811
Y19=-.618034
Z19=-.850651
X20=.649839
Y20=0
Z20=-.850651
X21=1.99999999983547E-07
Y21=0
Z21=1.06752718243586
X22=.954824961917152
Y22=0
Z22=.477412515949264
X23=.295057428952032
Y23=.9080929578416
Z23=.477412677958336
X24=-.772469482476016
Y24=.561232141635096
Z24=.477412688374072
X25=-.77246953434496
Y25=-.561231863165736
Z25=.477412201552624
X26=.295057218476016
Y26=-.908092863112856
Z26=.47741273282752
X27=.772469323868944
Y27=.56123147566152
Z27=-.477412655563672
X28=-.295057218476016
Y28=.908092863112856
Z28=-.47741273282752
X29=-.954824748440896
Y29=-2.80730879977581E-07
Z29=-.477412040239072
X30=-.295057377083088
Y30=-.908092673655368
Z30=-.47741266724128
X31=.772469220131056
Y31=-.56123203260024
Z31=-.477412777280968
X32=-1.99999999983547E-07
Y32=0
Z32=-1.06752726887171

Face1=1,2,21
Face2=2,3,21
Face3=3,4,21
Face4=4,5,21
Face5=5,1,21
Face6=1,5,22
Face7=5,10,22
Face8=10,15,22
Face9=15,6,22
Face10=6,1,22
Face11=1,6,23
Face12=6,11,23
Face13=11,7,23
Face14=7,2,23
Face15=2,1,23
Face16=2,7,24
Face17=7,12,24
Face18=12,8,24
Face19=8,3,24
Face20=3,2,24
Face21=3,8,25
Face22=8,13,25
Face23=13,9,25
Face24=9,4,25
Face25=4,3,25
Face26=9,14,26
Face27=14,10,26
Face28=10,5,26
Face29=5,4,26
Face30=4,9,26
Face31=6,15,27
Face32=15,20,27
Face33=20,16,27
Face34=16,11,27
Face35=11,6,27
Face36=7,11,28
Face37=11,16,28
Face38=16,17,28
Face39=17,12,28
Face40=12,7,28
Face41=8,12,29
Face42=12,17,29
Face43=17,18,29
Face44=18,13,29
Face45=13,8,29
Face46=9,13,30
Face47=13,18,30
Face48=18,19,30
Face49=19,14,30
Face50=14,9,30
Face51=10,14,31
Face52=14,19,31
Face53=19,20,31
Face54=20,15,31
Face55=15,10,31
Face56=16,20,32
Face57=20,19,32
Face58=19,18,32
Face59=18,17,32
Face60=17,16,32
