PointCount=38
CountOfFaces=72
X1=0
Y1=0
Z1=1.414214
X2=1.414214
Y2=0
Z2=0
X3=0
Y3=1.414214
Z3=0
X4=-1.41421
Y4=0
Z4=0
X5=0
Y5=-1.41421
Z5=0
X6=0
Y6=0
Z6=-1.41421
X7=3.138072983728
Y7=3.138072983728
Z7=3.138072983728
X8=-3.13807165039467
Y8=3.13806544125333
Z8=3.13806544125333
X9=-3.13806410792
Y9=-3.13806410792
Z9=3.1380578988
X10=3.13806544125333
Y10=-3.13807165039467
Z10=3.13806544125333
X11=3.13806544125333
Y11=3.13806544125333
Z11=-3.13807165039467
X12=-3.13806410792
Y12=3.1380578988
Z12=-3.13806410792
X13=-3.13805656546667
Y13=-3.13805656546667
Z13=-3.13805656546667
X14=3.1380578988
Y14=-3.13806410792
Z14=-3.13806410792
X15=1.81328944434999
Y15=.587636844214412
Z15=1.81328944434999
X16=1.81328944434999
Y16=1.81328944434999
Z16=.587636844214412
X17=.587636844214412
Y17=1.81328944434999
Z17=1.81328944434999
X18=-.58763782199307
Y18=1.81328680448386
Z18=1.81328680448386
X19=-1.81328695546066
Y19=1.81328538226277
Z19=.58763562656937
X20=-1.81328695546066
Y20=.58763562656937
Z20=1.81328538226277
X21=-1.81328431559453
Y21=-.587636604344005
Z21=1.8132827424041
X22=-1.81328289337746
Y22=-1.81328289337746
Z22=.587634408931794
X23=-.587636604344005
Y23=-1.81328431559453
Z23=1.8132827424041
X24=1.81328538226277
Y24=-1.81328695546066
Z24=.58763562656937
X25=1.81328680448386
Y25=-.58763782199307
Z25=1.81328680448386
X26=.58763562656937
Y26=-1.81328695546066
Z26=1.81328538226277
X27=1.81328680448386
Y27=1.81328680448386
Z27=-.58763782199307
X28=1.81328538226277
Y28=.58763562656937
Z28=-1.81328695546066
X29=.58763562656937
Y29=1.81328538226277
Z29=-1.81328695546066
X30=-1.81328431559453
Y30=1.8132827424041
Z30=-.587636604344005
X31=-.587636604344005
Y31=1.8132827424041
Z31=-1.81328431559453
X32=-1.81328289337746
Y32=.587634408931794
Z32=-1.81328289337746
X33=-1.8132802535188
Y33=-1.8132802535188
Z33=-.587635386702407
X34=-1.8132802535188
Y34=-.587635386702407
Z34=-1.8132802535188
X35=-.587635386702407
Y35=-1.8132802535188
Z35=-1.8132802535188
X36=1.8132827424041
Y36=-.587636604344005
Z36=-1.81328431559453
X37=1.8132827424041
Y37=-1.81328431559453
Z37=-.587636604344005
X38=.587634408931794
Y38=-1.81328289337746
Z38=-1.81328289337746

Face1=1,2,15
Face2=2,7,15
Face3=7,1,15
Face4=2,3,16
Face5=3,7,16
Face6=7,2,16
Face7=3,1,17
Face8=1,7,17
Face9=7,3,17
Face10=1,3,18
Face11=3,8,18
Face12=8,1,18
Face13=3,4,19
Face14=4,8,19
Face15=8,3,19
Face16=4,1,20
Face17=1,8,20
Face18=8,4,20
Face19=1,4,21
Face20=4,9,21
Face21=9,1,21
Face22=4,5,22
Face23=5,9,22
Face24=9,4,22
Face25=5,1,23
Face26=1,9,23
Face27=9,5,23
Face28=5,2,24
Face29=2,10,24
Face30=10,5,24
Face31=2,1,25
Face32=1,10,25
Face33=10,2,25
Face34=1,5,26
Face35=5,10,26
Face36=10,1,26
Face37=3,2,27
Face38=2,11,27
Face39=11,3,27
Face40=2,6,28
Face41=6,11,28
Face42=11,2,28
Face43=6,3,29
Face44=3,11,29
Face45=11,6,29
Face46=4,3,30
Face47=3,12,30
Face48=12,4,30
Face49=3,6,31
Face50=6,12,31
Face51=12,3,31
Face52=6,4,32
Face53=4,12,32
Face54=12,6,32
Face55=5,4,33
Face56=4,13,33
Face57=13,5,33
Face58=4,6,34
Face59=6,13,34
Face60=13,4,34
Face61=6,5,35
Face62=5,13,35
Face63=13,6,35
Face64=6,2,36
Face65=2,14,36
Face66=14,6,36
Face67=2,5,37
Face68=5,14,37
Face69=14,2,37
Face70=5,6,38
Face71=6,14,38
Face72=14,5,38
