PointCount=4
CountOfFaces=4
X1=0
Y1=0
Z1=1.732051
X2=0
Y2=1.633
Z2=-.57735
X3=-1.41421
Y3=-.8165
Z3=-.57735
X4=1.414214
Y4=-.8165
Z4=-.57735

Face1=1,2,3
Face2=4,2,1
Face3=1,3,4
Face4=4,3,2
